n v tiempo llamadas
1 1 0.000445 3
2 1 0.000528 5
3 1 0.000605 7
4 1 0.000677 9
5 1 0.000595 11
6 1 0.000761 13
7 1 0.000777 15
8 1 0.000814 17
9 1 0.000782 19
10 1 0.000812 21
11 1 0.000916 23
12 1 0.000835 25
13 1 0.000995 27
14 1 0.001101 29
15 1 0.000971 31
16 1 0.001096 33
17 1 0.001308 35
18 1 0.001092 37
19 1 0.001438 39
20 1 0.001151 41
21 1 0.001274 43
22 1 0.001138 45
23 1 0.001219 47
24 1 0.001297 49
25 1 0.001118 51
26 1 0.003176 53
27 1 0.001408 55
28 1 0.001296 57
29 1 0.001364 59
1 16 0.000392 3
2 16 0.000514 7
3 16 0.000611 13
4 16 0.000806 17
5 16 0.000891 26
6 16 0.001833 52
7 16 0.001382 46
8 16 0.001407 48
9 16 0.003927 139
10 16 0.003871 155
11 16 0.004417 183
12 16 0.008687 312
13 16 0.008925 367
14 16 0.009161 297
15 16 0.008873 412
16 16 0.013677 563
17 16 0.01595 657
18 16 0.014429 663
19 16 0.022039 951
20 16 0.015114 797
21 16 0.028071 1331
22 16 0.028573 1356
23 16 0.016145 919
24 16 0.033756 1729
25 16 0.032905 1717
26 16 0.055946 1890
27 16 0.037369 2027
28 16 0.050887 2463
29 16 0.032141 1888
1 49 0.000404 3
2 49 0.000578 6
3 49 0.000648 10
4 49 0.000963 25
5 49 0.00143 40
6 49 0.002104 85
7 49 0.001281 45
8 49 0.003258 129
9 49 0.004423 157
10 49 0.005947 213
11 49 0.003796 142
12 49 0.007434 358
13 49 0.008831 366
14 49 0.011241 483
15 49 0.011282 479
16 49 0.015858 646
17 49 0.01418 641
18 49 0.011305 649
19 49 0.015313 778
20 49 0.017585 880
21 49 0.030203 1568
22 49 0.024218 1361
23 49 0.033356 1637
24 49 0.027387 1469
25 49 0.034536 1810
26 49 0.032572 1756
27 49 0.025558 1570
28 49 0.041729 2365
29 49 0.049741 2770
1 100 0.000297 3
2 100 0.00054 7
3 100 0.00071 12
4 100 0.000807 16
5 100 0.001355 41
6 100 0.00198 70
7 100 0.001889 68
8 100 0.002968 108
9 100 0.006411 283
10 100 0.004653 186
11 100 0.009246 416
12 100 0.007147 332
13 100 0.013924 681
14 100 0.010565 481
15 100 0.00769 405
16 100 0.034722 1675
17 100 0.012005 646
18 100 0.028644 1688
19 100 0.024125 1072
20 100 0.020228 886
21 100 0.036967 1751
22 100 0.030983 1497
23 100 0.031983 1846
24 100 0.066301 4481
25 100 0.02878 1766
26 100 0.064352 2282
27 100 0.072672 3249
28 100 0.071294 3498
29 100 0.0468 2528
1 169 0.000411 3
2 169 0.000599 6
3 169 0.000742 15
4 169 0.000849 21
5 169 0.000998 26
6 169 0.000886 28
7 169 0.002732 91
8 169 0.002437 91
9 169 0.001802 72
10 169 0.012601 660
11 169 0.009928 547
12 169 0.008848 433
13 169 0.004857 257
14 169 0.015073 753
15 169 0.026809 1320
16 169 0.012065 565
17 169 0.00611 311
18 169 0.042499 2102
19 169 0.017025 864
20 169 0.049899 2625
21 169 0.02237 1469
22 169 0.026272 1367
23 169 0.021558 1113
24 169 0.033704 1670
25 169 0.032074 1526
26 169 0.021542 1175
27 169 0.041336 2276
28 169 0.060183 3191
29 169 0.13041 8602
1 256 0.000422 3
2 256 0.000563 7
3 256 0.000886 10
4 256 0.000984 24
5 256 0.001239 38
6 256 0.001289 36
7 256 0.002263 97
8 256 0.002589 107
9 256 0.006048 296
10 256 0.00502 196
11 256 0.008101 420
12 256 0.00333 161
13 256 0.012317 677
14 256 0.01052 613
15 256 0.014445 780
16 256 0.019747 857
17 256 0.024003 1344
18 256 0.018566 884
19 256 0.022194 972
20 256 0.125178 6397
21 256 0.062388 3435
22 256 0.023041 1212
23 256 0.049433 2966
24 256 0.027 1437
25 256 0.039441 2303
26 256 0.056021 3165
27 256 0.092843 5571
28 256 0.064663 3611
29 256 0.186758 12250
1 361 0.000416 3
2 361 0.000559 6
3 361 0.000652 10
4 361 0.001075 31
5 361 0.001044 30
6 361 0.001198 40
7 361 0.001965 72
8 361 0.002126 90
9 361 0.007668 453
10 361 0.004034 181
11 361 0.007259 356
12 361 0.008152 418
13 361 0.005182 252
14 361 0.024733 1398
15 361 0.013211 727
16 361 0.010145 527
17 361 0.045013 2303
18 361 0.068192 3661
19 361 0.035687 2159
20 361 0.034359 1119
21 361 0.044351 2756
22 361 0.081702 5211
23 361 0.146011 7540
24 361 0.030273 1701
25 361 0.058869 3623
26 361 0.047233 2816
27 361 0.083638 5661
28 361 0.174813 10764
29 361 0.134492 8076
1 484 0.000423 3
2 484 0.00047 6
3 484 0.000619 13
4 484 0.000928 24
5 484 0.001311 39
6 484 0.001129 36
7 484 0.002453 97
8 484 0.001778 63
9 484 0.003619 153
10 484 0.00394 183
11 484 0.003646 172
12 484 0.008963 412
13 484 0.016277 960
14 484 0.024686 652
15 484 0.019561 915
16 484 0.019986 949
17 484 0.025751 1447
18 484 0.010142 593
19 484 0.014528 738
20 484 0.045026 2880
21 484 0.036535 2210
22 484 0.181735 8777
23 484 0.090011 5973
24 484 0.067264 4027
25 484 0.073755 4530
26 484 0.041913 2341
27 484 0.105947 7043
28 484 0.031294 1946
29 484 0.039947 2252
1 625 0.000412 3
2 625 0.000507 6
3 625 0.000671 15
4 625 0.000925 31
5 625 0.001042 29
6 625 0.002295 91
7 625 0.003255 155
8 625 0.001916 74
9 625 0.006827 343
10 625 0.002683 123
11 625 0.008072 456
12 625 0.006598 350
13 625 0.008216 365
14 625 0.010855 537
15 625 0.027817 1701
16 625 0.012199 633
17 625 0.023314 1467
18 625 0.018785 991
19 625 0.035233 2010
20 625 0.095838 6278
21 625 0.104235 5951
22 625 0.053478 3365
23 625 0.046379 2572
24 625 0.051976 2652
25 625 0.068606 4443
26 625 0.130093 8168
27 625 0.065032 3226
28 625 0.040015 2534
29 625 0.081916 3676
1 784 0.000417 3
2 784 0.00053 6
3 784 0.000787 14
4 784 0.000861 22
5 784 0.001369 42
6 784 0.001496 53
7 784 0.001711 59
8 784 0.003525 142
9 784 0.006233 311
10 784 0.00671 375
11 784 0.00558 302
12 784 0.003712 190
13 784 0.042026 2510
14 784 0.004632 247
15 784 0.039076 2424
16 784 0.030044 1829
17 784 0.045427 2797
18 784 0.039293 2070
19 784 0.049176 2617
20 784 0.100305 6260
21 784 0.123275 8317
22 784 0.071186 4161
23 784 0.067612 4156
24 784 0.064118 3813
25 784 0.069702 3862
26 784 0.114723 6566
27 784 0.055102 3094
28 784 0.185163 10155
29 784 0.092701 4490
1 961 0.000419 3
2 961 0.000529 7
3 961 0.000616 11
4 961 0.001031 28
5 961 0.001024 31
6 961 0.002006 69
7 961 0.001856 66
8 961 0.00481 233
9 961 0.004573 212
10 961 0.003627 159
11 961 0.004335 197
12 961 0.007257 388
13 961 0.026804 1722
14 961 0.013725 771
15 961 0.008217 461
16 961 0.018392 992
17 961 0.027885 1425
18 961 0.037187 1972
19 961 0.043549 2711
20 961 0.040445 2736
21 961 0.021758 1331
22 961 0.030427 1971
23 961 0.09467 5673
24 961 0.06455 4533
25 961 0.18783 9770
26 961 0.124957 6860
27 961 0.170291 11396
28 961 0.072841 4885
29 961 0.128101 7173
1 1156 0.00037 3
2 1156 0.000508 6
3 1156 0.000722 15
4 1156 0.000999 22
5 1156 0.000883 21
6 1156 0.001809 66
7 1156 0.001601 56
8 1156 0.002393 101
9 1156 0.002232 90
10 1156 0.003208 142
11 1156 0.008493 435
12 1156 0.007199 355
13 1156 0.014828 761
14 1156 0.011156 650
15 1156 0.025871 1475
16 1156 0.013073 736
17 1156 0.033973 2096
18 1156 0.03544 2299
19 1156 0.041496 2362
20 1156 0.039887 2330
21 1156 0.023376 1244
22 1156 0.029842 1956
23 1156 0.082393 4091
24 1156 0.084953 5769
25 1156 0.064953 4699
26 1156 0.120149 7420
27 1156 0.079348 5127
28 1156 0.155647 9605
29 1156 0.080393 5740
1 1369 0.000373 3
2 1369 0.00057 6
3 1369 0.00069 15
4 1369 0.000942 23
5 1369 0.001637 48
6 1369 0.001659 57
7 1369 0.001471 51
8 1369 0.003481 144
9 1369 0.005292 263
10 1369 0.008213 442
11 1369 0.006311 331
12 1369 0.006052 326
13 1369 0.014177 631
14 1369 0.013802 785
15 1369 0.013253 642
16 1369 0.009243 500
17 1369 0.054518 3510
18 1369 0.079761 4696
19 1369 0.05196 2839
20 1369 0.028008 1817
21 1369 0.021509 1174
22 1369 0.078897 5335
23 1369 0.060926 2843
24 1369 0.104587 6075
25 1369 0.181069 11974
26 1369 0.356968 21887
27 1369 0.17638 9294
28 1369 0.334047 21923
29 1369 0.161351 6997
1 1600 0.000332 3
2 1600 0.000472 7
3 1600 0.000629 13
4 1600 0.000743 15
5 1600 0.000778 22
6 1600 0.002009 72
7 1600 0.002648 111
8 1600 0.00221 85
9 1600 0.003957 187
10 1600 0.007401 393
11 1600 0.008765 466
12 1600 0.006367 332
13 1600 0.015213 811
14 1600 0.041507 2512
15 1600 0.020158 1156
16 1600 0.027222 1706
17 1600 0.018444 1080
18 1600 0.045363 2563
19 1600 0.017817 1143
20 1600 0.135596 7208
21 1600 0.048022 3543
22 1600 0.034687 2396
23 1600 0.055955 3391
24 1600 0.036712 1965
25 1600 0.029717 2003
26 1600 0.133253 8015
27 1600 0.128037 7870
28 1600 0.132921 7988
29 1600 0.475254 29983
1 1849 0.000436 3
2 1849 0.000585 7
3 1849 0.000656 14
4 1849 0.00086 23
5 1849 0.00099 28
6 1849 0.001281 41
7 1849 0.002019 79
8 1849 0.002255 98
9 1849 0.004432 210
10 1849 0.005354 277
11 1849 0.011774 646
12 1849 0.015356 888
13 1849 0.008369 448
14 1849 0.022868 1318
15 1849 0.029764 1494
16 1849 0.036403 1189
17 1849 0.034752 1921
18 1849 0.020763 1296
19 1849 0.104558 6527
20 1849 0.067936 4609
21 1849 0.049578 3110
22 1849 0.02359 1560
23 1849 0.064817 4616
24 1849 0.133525 7706
25 1849 0.116438 6231
26 1849 0.055699 2701
27 1849 0.057617 3565
28 1849 0.116351 7041
29 1849 0.055301 2794
1 2116 0.000434 3
2 2116 0.000636 7
3 2116 0.000546 10
4 2116 0.000832 18
5 2116 0.001059 25
6 2116 0.001663 60
7 2116 0.002681 108
8 2116 0.003499 159
9 2116 0.002773 118
10 2116 0.003566 164
11 2116 0.008464 474
12 2116 0.005928 305
13 2116 0.01236 579
14 2116 0.016923 1028
15 2116 0.022597 1454
16 2116 0.0228 1343
17 2116 0.022514 1322
18 2116 0.008208 454
19 2116 0.025205 1529
20 2116 0.020128 1352
21 2116 0.032474 1727
22 2116 0.106132 6785
23 2116 0.061166 4166
24 2116 0.15403 9498
25 2116 0.153241 7335
26 2116 0.152572 7074
27 2116 0.13589 9766
28 2116 0.198323 13319
29 2116 0.305854 20122
1 2401 0.000314 3
2 2401 0.000597 6
3 2401 0.000601 10
4 2401 0.001252 27
5 2401 0.001177 31
6 2401 0.001691 49
7 2401 0.002101 89
8 2401 0.004032 183
9 2401 0.002825 121
10 2401 0.003167 141
11 2401 0.003351 166
12 2401 0.011573 665
13 2401 0.006935 385
14 2401 0.007722 423
15 2401 0.021093 1373
16 2401 0.068988 4669
17 2401 0.022446 1391
18 2401 0.02771 1634
19 2401 0.095343 6388
20 2401 0.06953 3865
21 2401 0.031788 1826
22 2401 0.044825 2022
23 2401 0.061304 2284
24 2401 0.090951 5427
25 2401 0.093926 5688
26 2401 0.160198 10871
27 2401 0.181369 10231
28 2401 0.055612 3444
29 2401 0.224908 14145
1 2704 0.000416 3
2 2704 0.000554 6
3 2704 0.00062 15
4 2704 0.000917 15
5 2704 0.00105 34
6 2704 0.001409 47
7 2704 0.001882 76
8 2704 0.001597 60
9 2704 0.003768 169
10 2704 0.007786 450
11 2704 0.004746 239
12 2704 0.006272 308
13 2704 0.01356 748
14 2704 0.017941 910
15 2704 0.012138 697
16 2704 0.037372 2232
17 2704 0.038257 1901
18 2704 0.013737 786
19 2704 0.058543 3070
20 2704 0.085413 6047
21 2704 0.11819 6071
22 2704 0.045629 2745
23 2704 0.026055 1819
24 2704 0.021691 1433
25 2704 0.067456 4355
26 2704 0.067833 2747
27 2704 0.197693 12262
28 2704 0.151559 9038
29 2704 0.135161 8286
1 3025 0.000426 3
2 3025 0.000439 7
3 3025 0.000817 13
4 3025 0.000802 19
5 3025 0.001183 40
6 3025 0.002095 87
7 3025 0.0069 121
8 3025 0.003952 181
9 3025 0.004513 200
10 3025 0.003751 167
11 3025 0.006601 322
12 3025 0.004711 216
13 3025 0.016497 1006
14 3025 0.018524 1051
15 3025 0.014352 856
16 3025 0.015287 908
17 3025 0.021088 1277
18 3025 0.0262 1611
19 3025 0.093447 5565
20 3025 0.116832 5602
21 3025 0.112695 8069
22 3025 0.045579 3214
23 3025 0.219026 13911
24 3025 0.066046 4564
25 3025 0.184176 12369
26 3025 0.162782 10412
27 3025 0.112919 6184
28 3025 0.25883 18860
29 3025 0.181526 13527
1 3364 0.000314 3
2 3364 0.000551 6
3 3364 0.000778 13
4 3364 0.000877 25
5 3364 0.001141 28
6 3364 0.002172 85
7 3364 0.002389 100
8 3364 0.00329 139
9 3364 0.002103 81
10 3364 0.001817 79
11 3364 0.005667 279
12 3364 0.016638 914
13 3364 0.020678 1293
14 3364 0.010549 607
15 3364 0.03644 2367
16 3364 0.012494 773
17 3364 0.018637 1119
18 3364 0.02282 1327
19 3364 0.020004 1215
20 3364 0.058984 2776
21 3364 0.062018 4095
22 3364 0.020854 1254
23 3364 0.067113 4428
24 3364 0.018698 1209
25 3364 0.089638 6521
26 3364 0.041348 2995
27 3364 0.586189 33555
28 3364 0.090743 6651
29 3364 0.097891 7081
1 3721 0.000436 3
2 3721 0.000499 7
3 3721 0.000652 10
4 3721 0.000786 15
5 3721 0.00138 49
6 3721 0.001985 76
7 3721 0.002676 121
8 3721 0.002123 88
9 3721 0.003338 121
10 3721 0.006588 357
11 3721 0.002618 119
12 3721 0.016086 997
13 3721 0.002942 148
14 3721 0.033047 2239
15 3721 0.012445 694
16 3721 0.053676 3195
17 3721 0.05277 2595
18 3721 0.015096 858
19 3721 0.028138 1804
20 3721 0.026115 1707
21 3721 0.07198 3565
22 3721 0.06195 4401
23 3721 0.137959 9539
24 3721 0.067448 4894
25 3721 0.237866 17499
26 3721 0.074198 5401
27 3721 0.106133 7469
28 3721 0.535636 36519
29 3721 0.490172 37032
1 4096 0.000399 3
2 4096 0.000401 7
3 4096 0.000574 11
4 4096 0.001048 27
5 4096 0.001623 55
6 4096 0.0016 49
7 4096 0.003281 133
8 4096 0.003029 135
9 4096 0.002779 123
10 4096 0.003271 144
11 4096 0.004312 201
12 4096 0.008841 521
13 4096 0.003548 186
14 4096 0.008055 427
15 4096 0.011028 616
16 4096 0.021642 1453
17 4096 0.052168 3400
18 4096 0.023339 1466
19 4096 0.031909 1884
20 4096 0.163596 11189
21 4096 0.059246 3676
22 4096 0.094663 5885
23 4096 0.043544 2656
24 4096 0.119455 8276
25 4096 0.075089 4515
26 4096 0.056718 3606
27 4096 0.130375 7971
28 4096 0.102333 5403
29 4096 0.02898 2015
1 4489 0.000449 3
2 4489 0.000515 7
3 4489 0.000609 12
4 4489 0.001026 24
5 4489 0.001298 35
6 4489 0.001313 37
7 4489 0.001734 66
8 4489 0.002275 89
9 4489 0.004071 214
10 4489 0.006861 329
11 4489 0.005009 243
12 4489 0.006014 329
13 4489 0.010606 567
14 4489 0.010407 593
15 4489 0.018731 1123
16 4489 0.013043 595
17 4489 0.022741 1405
18 4489 0.073628 4766
19 4489 0.019011 849
20 4489 0.119206 8040
21 4489 0.281039 15946
22 4489 0.032544 1392
23 4489 0.138282 10305
24 4489 0.105784 6744
25 4489 0.093474 6597
26 4489 0.071475 4487
27 4489 0.201058 13993
28 4489 0.097919 6781
29 4489 0.134065 8896
1 4900 0.000389 3
2 4900 0.000572 6
3 4900 0.0007 12
4 4900 0.001109 22
5 4900 0.001022 28
6 4900 0.001959 68
7 4900 0.002303 94
8 4900 0.003011 125
9 4900 0.002189 96
10 4900 0.005198 226
11 4900 0.009829 506
12 4900 0.00877 480
13 4900 0.018177 1119
14 4900 0.00923 513
15 4900 0.016623 1025
16 4900 0.025231 1661
17 4900 0.023027 1351
18 4900 0.036343 2304
19 4900 0.058815 3859
20 4900 0.036588 2318
21 4900 0.135667 7958
22 4900 0.048215 3360
23 4900 0.101427 7371
24 4900 0.140241 9672
25 4900 0.030588 2153
26 4900 0.340278 24555
27 4900 0.042014 2222
28 4900 0.058305 3039
29 4900 0.072332 4587
1 5329 0.000402 3
2 5329 0.000521 6
3 5329 0.000723 13
4 5329 0.000854 19
5 5329 0.001273 37
6 5329 0.001609 53
7 5329 0.002038 71
8 5329 0.003434 149
9 5329 0.005472 262
10 5329 0.005446 255
11 5329 0.003665 180
12 5329 0.008122 423
13 5329 0.016588 992
14 5329 0.00791 439
15 5329 0.011359 617
16 5329 0.023731 1183
17 5329 0.022339 1291
18 5329 0.021618 1363
19 5329 0.014542 901
20 5329 0.060404 4083
21 5329 0.059072 3482
22 5329 0.157454 11405
23 5329 0.196945 15181
24 5329 0.086554 6447
25 5329 0.179832 12178
26 5329 0.543394 31305
27 5329 0.046264 2243
28 5329 0.181373 12132
29 5329 0.179502 12903
1 5776 0.000322 3
2 5776 0.00047 7
3 5776 0.000572 10
4 5776 0.000968 23
5 5776 0.001517 45
6 5776 0.001417 42
7 5776 0.001817 64
8 5776 0.0044 208
9 5776 0.00393 177
10 5776 0.004696 211
11 5776 0.00718 348
12 5776 0.011143 622
13 5776 0.013135 755
14 5776 0.0109 637
15 5776 0.006184 347
16 5776 0.062514 4014
17 5776 0.017832 1034
18 5776 0.01099 611
19 5776 0.035348 1972
20 5776 0.043762 3039
21 5776 0.035273 1407
22 5776 0.110975 8306
23 5776 0.05237 3515
24 5776 0.070551 5140
25 5776 0.289579 19769
26 5776 0.146046 7655
27 5776 0.211149 15532
28 5776 0.086594 5845
29 5776 0.294371 21704
1 6241 0.000419 3
2 6241 0.000622 7
3 6241 0.000788 15
4 6241 0.000868 22
5 6241 0.001327 41
6 6241 0.001669 58
7 6241 0.002119 82
8 6241 0.002059 81
9 6241 0.00577 311
10 6241 0.002358 107
11 6241 0.006968 347
12 6241 0.007158 363
13 6241 0.018365 1070
14 6241 0.021856 1161
15 6241 0.055968 3706
16 6241 0.04101 2622
17 6241 0.030081 1679
18 6241 0.058821 3578
19 6241 0.009984 584
20 6241 0.015295 998
21 6241 0.026011 1751
22 6241 0.059813 4177
23 6241 0.057495 3646
24 6241 0.094555 5627
25 6241 0.141244 10328
26 6241 0.112537 7030
27 6241 0.100834 7267
28 6241 0.048094 2591
29 6241 0.172521 11781
