n v tiempo llamadas
1 1 0.00321 3
2 1 0.00239 5
3 1 0.002328 7
4 1 0.002681 9
5 1 0.003319 11
6 1 0.003627 13
7 1 0.003927 15
8 1 0.004175 17
9 1 0.004677 19
10 1 0.004876 21
11 1 0.005192 23
12 1 0.005298 25
13 1 0.005975 27
14 1 0.006552 29
15 1 0.007656 31
16 1 0.00793 33
17 1 0.008455 35
18 1 0.008609 37
19 1 0.008692 39
20 1 0.009104 41
21 1 0.008577 43
22 1 0.008777 45
23 1 0.008826 47
24 1 0.009462 49
25 1 0.009686 51
26 1 0.01088 53
27 1 0.011361 55
28 1 0.011445 57
29 1 0.010272 59
1 16 0.002946 3
2 16 0.002062 7
3 16 0.002877 15
4 16 0.003146 23
5 16 0.003675 33
6 16 0.005289 65
7 16 0.006002 73
8 16 0.009015 121
9 16 0.010772 169
10 16 0.010387 157
11 16 0.013222 235
12 16 0.014399 257
13 16 0.017772 259
14 16 0.016496 319
15 16 0.018203 359
16 16 0.019161 397
17 16 0.021555 435
18 16 0.020861 435
19 16 0.022645 503
20 16 0.02105 481
21 16 0.023622 559
22 16 0.024378 567
23 16 0.02573 613
24 16 0.02927 667
25 16 0.02823 683
26 16 0.04133 719
27 16 0.030192 735
28 16 0.031338 777
29 16 0.033976 827
1 49 0.005296 3
2 49 0.002468 7
3 49 0.002933 13
4 49 0.005082 27
5 49 0.006064 59
6 49 0.007398 99
7 49 0.007435 81
8 49 0.011523 223
9 49 0.016074 359
10 49 0.03202 437
11 49 0.021215 487
12 49 0.023333 557
13 49 0.030638 773
14 49 0.031719 815
15 49 0.034579 891
16 49 0.038148 1015
17 49 0.038635 1039
18 49 0.04226 1155
19 49 0.045237 1281
20 49 0.046616 1363
21 49 0.051036 1467
22 49 0.076331 1517
23 49 0.056737 1657
24 49 0.059017 1751
25 49 0.063362 1891
26 49 0.066117 1995
27 49 0.065813 1979
28 49 0.068533 2109
29 49 0.071714 2187
1 100 0.00335 3
2 100 0.003804 7
3 100 0.00482 15
4 100 0.005013 25
5 100 0.006147 47
6 100 0.008154 103
7 100 0.010429 205
8 100 0.012979 283
9 100 0.020978 595
10 100 0.025077 667
11 100 0.031132 837
12 100 0.039399 1109
13 100 0.042724 1125
14 100 0.05156 1463
15 100 0.054718 1533
16 100 0.059904 1709
17 100 0.066159 2001
18 100 0.072867 2145
19 100 0.076536 2355
20 100 0.080136 2521
21 100 0.085903 2767
22 100 0.092414 3011
23 100 0.09907 3163
24 100 0.10381 3321
25 100 0.110094 3491
26 100 0.149399 3725
27 100 0.125354 4013
28 100 0.130956 4343
29 100 0.132896 4303
1 169 0.005116 3
2 169 0.004083 7
3 169 0.004659 15
4 169 0.005096 31
5 169 0.006399 57
6 169 0.010904 99
7 169 0.011055 183
8 169 0.015763 353
9 169 0.015919 297
10 169 0.026907 787
11 169 0.043019 1253
12 169 0.053587 1591
13 169 0.057642 1689
14 169 0.075967 2305
15 169 0.087134 2639
16 169 0.090809 2821
17 169 0.098321 3033
18 169 0.114318 3485
19 169 0.130835 3781
20 169 0.12405 3999
21 169 0.145632 4339
22 169 0.16135 4965
23 169 0.15109 4975
24 169 0.176191 5389
25 169 0.157536 5229
26 169 0.174054 5797
27 169 0.193913 6473
28 169 0.205274 6973
29 169 0.246892 7143
1 256 0.004909 3
2 256 0.004172 7
3 256 0.004645 15
4 256 0.00669 29
5 256 0.007505 61
6 256 0.009277 97
7 256 0.012068 233
8 256 0.016134 333
9 256 0.022821 673
10 256 0.0324 901
11 256 0.049879 1619
12 256 0.063027 1853
13 256 0.084235 2649
14 256 0.102423 3185
15 256 0.104062 3275
16 256 0.130385 4031
17 256 0.146036 4663
18 256 0.167015 5317
19 256 0.171368 5473
20 256 0.185815 5845
21 256 0.188319 6389
22 256 0.209232 7087
23 256 0.213661 7195
24 256 0.229418 7691
25 256 0.244027 8633
26 256 0.345392 9091
27 256 0.264475 9387
28 256 0.287212 9863
29 256 0.299642 10297
1 361 0.006926 3
2 361 0.004401 7
3 361 0.006305 15
4 361 0.006945 31
5 361 0.007691 59
6 361 0.010883 111
7 361 0.013104 211
8 361 0.020102 377
9 361 0.025693 673
10 361 0.034476 881
11 361 0.0599 1805
12 361 0.06262 1927
13 361 0.097936 3027
14 361 0.118362 3733
15 361 0.14419 4509
16 361 0.167863 5381
17 361 0.203469 6469
18 361 0.201927 6555
19 361 0.211862 6733
20 361 0.240066 8003
21 361 0.258208 8835
22 361 0.263371 9087
23 361 0.301635 10401
24 361 0.31505 10899
25 361 0.333463 11581
26 361 0.494792 12683
27 361 0.412138 13237
28 361 0.38656 13851
29 361 0.403582 13827
1 484 0.005618 3
2 484 0.005611 7
3 484 0.007177 15
4 484 0.008215 31
5 484 0.009227 63
6 484 0.013081 111
7 484 0.016804 235
8 484 0.020927 313
9 484 0.026425 603
10 484 0.04433 1271
11 484 0.053311 1475
12 484 0.084588 2577
13 484 0.098918 3143
14 484 0.140905 4395
15 484 0.170706 5497
16 484 0.219194 6981
17 484 0.212004 6777
18 484 0.259586 8333
19 484 0.272788 9195
20 484 0.33992 10595
21 484 0.323011 11241
22 484 0.358511 12511
23 484 0.370429 13463
24 484 0.397749 13361
25 484 0.440022 15371
26 484 0.46729 15693
27 484 0.529198 17937
28 484 0.497766 18167
29 484 0.546011 19035
1 625 0.008642 3
2 625 0.005897 7
3 625 0.008089 15
4 625 0.008464 31
5 625 0.011774 59
6 625 0.014036 103
7 625 0.01733 247
8 625 0.023443 391
9 625 0.035112 943
10 625 0.042462 1105
11 625 0.06867 2175
12 625 0.089488 2763
13 625 0.128943 3907
14 625 0.160957 5097
15 625 0.211003 6923
16 625 0.215144 6833
17 625 0.298076 9617
18 625 0.31127 10091
19 625 0.346389 11255
20 625 0.384969 13117
21 625 0.436144 15353
22 625 0.424422 14737
23 625 0.499165 17463
24 625 0.49791 17323
25 625 0.594628 19225
26 625 0.591187 20391
27 625 0.616755 21641
28 625 0.652506 22209
29 625 0.685689 23515
1 784 0.007259 3
2 784 0.007671 7
3 784 0.008321 15
4 784 0.011159 31
5 784 0.013291 61
6 784 0.016393 121
7 784 0.018845 223
8 784 0.024879 439
9 784 0.034162 803
10 784 0.049298 1373
11 784 0.063548 1743
12 784 0.096211 2913
13 784 0.144098 5027
14 784 0.166666 4337
15 784 0.277441 8977
16 784 0.294882 9561
17 784 0.343251 11115
18 784 0.372533 12449
19 784 0.362191 12457
20 784 0.442293 15431
21 784 0.475634 17211
22 784 0.544281 19027
23 784 0.582322 20517
24 784 0.61771 21687
25 784 0.657141 23173
26 784 0.723768 24705
27 784 0.786098 27533
28 784 0.798657 28193
29 784 0.7641 27773
1 961 0.007292 3
2 961 0.007872 7
3 961 0.010796 15
4 961 0.012555 31
5 961 0.014723 59
6 961 0.018088 125
7 961 0.021427 211
8 961 0.028284 463
9 961 0.039099 821
10 961 0.051732 1307
11 961 0.075578 2175
12 961 0.113158 3471
13 961 0.160478 5607
14 961 0.197823 6385
15 961 0.260804 8485
16 961 0.313956 10279
17 961 0.397888 13085
18 961 0.490221 14843
19 961 0.475451 16213
20 961 0.552643 18285
21 961 0.560931 19697
22 961 0.609942 20755
23 961 0.742477 25835
24 961 0.733195 25661
25 961 0.82849 28701
26 961 0.872823 30433
27 961 0.886254 31475
28 961 0.936665 32735
29 961 0.977511 34763
1 1156 0.009527 3
2 1156 0.010706 7
3 1156 0.012917 15
4 1156 0.014624 31
5 1156 0.016952 59
6 1156 0.019614 123
7 1156 0.022311 169
8 1156 0.029795 373
9 1156 0.039373 655
10 1156 0.05495 1335
11 1156 0.085095 2421
12 1156 0.117062 3711
13 1156 0.158597 5329
14 1156 0.254888 8403
15 1156 0.302821 9537
16 1156 0.343577 11135
17 1156 0.488881 15681
18 1156 0.509414 16411
19 1156 0.829104 19645
20 1156 0.666653 22569
21 1156 0.649763 23477
22 1156 0.692197 23895
23 1156 0.793805 27527
24 1156 0.837965 30583
25 1156 0.932552 32195
26 1156 1.54018 32951
27 1156 1.09779 38065
28 1156 1.13531 39761
29 1156 1.1787 41067
1 1369 0.011713 3
2 1369 0.011095 7
3 1369 0.014238 15
4 1369 0.016246 29
5 1369 0.018549 63
6 1369 0.022918 125
7 1369 0.026453 199
8 1369 0.03244 441
9 1369 0.044245 917
10 1369 0.060047 1513
11 1369 0.086103 2401
12 1369 0.123257 3561
13 1369 0.179047 5957
14 1369 0.259839 8353
15 1369 0.324274 10135
16 1369 0.406796 13173
17 1369 0.54225 18255
18 1369 0.621071 20393
19 1369 0.697609 22727
20 1369 0.716619 24103
21 1369 0.745542 25967
22 1369 0.872669 29939
23 1369 0.97143 32747
24 1369 1.06096 36467
25 1369 1.14385 39317
26 1369 1.89379 41193
27 1369 1.29882 45355
28 1369 1.36453 47819
29 1369 1.51892 52173
1 1600 0.012214 3
2 1600 0.012946 7
3 1600 0.016284 15
4 1600 0.018456 31
5 1600 0.021975 59
6 1600 0.024745 125
7 1600 0.029781 249
8 1600 0.036153 395
9 1600 0.047712 787
10 1600 0.067662 1535
11 1600 0.082566 2093
12 1600 0.114643 3015
13 1600 0.187065 6101
14 1600 0.298909 10057
15 1600 0.358819 12007
16 1600 0.489618 16195
17 1600 0.594285 18961
18 1600 0.680078 21925
19 1600 0.7575 25085
20 1600 0.912256 29809
21 1600 0.861761 29733
22 1600 0.931951 32211
23 1600 1.10519 37929
24 1600 1.26636 43019
25 1600 1.21838 42121
26 1600 1.45174 48115
27 1600 1.33871 48225
28 1600 1.59861 55297
29 1600 1.62508 56067
1 1849 0.012851 3
2 1849 0.017023 7
3 1849 0.017941 15
4 1849 0.020245 31
5 1849 0.023883 59
6 1849 0.030045 111
7 1849 0.03569 235
8 1849 0.081322 393
9 1849 0.053807 811
10 1849 0.066989 1409
11 1849 0.104696 3075
12 1849 0.156516 5053
13 1849 0.197716 5887
14 1849 0.329251 10879
15 1849 0.450242 15011
16 1849 0.517199 16721
17 1849 0.678633 22153
18 1849 0.720114 23051
19 1849 0.886748 28729
20 1849 0.947399 31745
21 1849 0.99388 34143
22 1849 1.06939 36953
23 1849 1.18264 42307
24 1849 1.41969 49013
25 1849 1.43952 49039
26 1849 2.34445 54661
27 1849 1.64936 56909
28 1849 1.855 61627
29 1849 1.90896 63595
1 2116 0.013602 3
2 2116 0.016903 7
3 2116 0.020144 15
4 2116 0.023887 31
5 2116 0.030495 55
6 2116 0.031736 119
7 2116 0.035434 195
8 2116 0.045032 473
9 2116 0.056695 727
10 2116 0.073022 1221
11 2116 0.092021 2031
12 2116 0.134825 3455
13 2116 0.241176 7931
14 2116 0.341275 10785
15 2116 0.47574 15057
16 2116 0.607884 18261
17 2116 0.717017 22951
18 2116 0.698327 21441
19 2116 0.914509 29547
20 2116 1.00795 33327
21 2116 1.14469 39247
22 2116 1.44578 45053
23 2116 1.35034 47351
24 2116 1.60982 51983
25 2116 1.63889 54895
26 2116 2.66537 58847
27 2116 1.90619 64925
28 2116 2.05398 69297
29 2116 2.19378 74131
1 2401 0.016821 3
2 2401 0.017789 7
3 2401 0.02217 15
4 2401 0.027463 29
5 2401 0.029067 59
6 2401 0.034273 117
7 2401 0.040426 235
8 2401 0.047936 469
9 2401 0.061289 685
10 2401 0.076969 1267
11 2401 0.109577 2219
12 2401 0.186813 5255
13 2401 0.216193 5783
14 2401 0.252173 6983
15 2401 0.527113 16759
16 2401 0.692301 22497
17 2401 0.769059 24761
18 2401 0.838294 26627
19 2401 1.12611 36427
20 2401 1.18285 41149
21 2401 1.19264 40737
22 2401 1.41507 48459
23 2401 1.5839 55161
24 2401 1.74496 59373
25 2401 1.90235 62995
26 2401 1.94322 67537
27 2401 2.12902 72705
28 2401 2.17636 74061
29 2401 2.40091 83597
1 2704 0.030111 3
2 2704 0.019516 7
3 2704 0.023567 15
4 2704 0.0286 29
5 2704 0.032139 63
6 2704 0.039987 119
7 2704 0.044673 229
8 2704 0.054339 347
9 2704 0.067358 829
10 2704 0.090543 1813
11 2704 0.119169 2273
12 2704 0.179029 3961
13 2704 0.274596 7453
14 2704 0.409346 12927
15 2704 0.445855 12887
16 2704 0.683547 21901
17 2704 0.818745 25903
18 2704 0.898688 28341
19 2704 1.22122 39799
20 2704 1.21802 41659
21 2704 1.49938 51963
22 2704 1.69891 57357
23 2704 1.68203 56677
24 2704 1.71663 58301
25 2704 1.99358 68891
26 2704 2.27661 76975
27 2704 2.33012 82041
28 2704 2.51348 86111
29 2704 2.73785 90117
1 3025 0.01952 3
2 3025 0.01983 7
3 3025 0.026529 15
4 3025 0.031095 31
5 3025 0.036797 63
6 3025 0.042163 127
7 3025 0.048815 255
8 3025 0.069481 463
9 3025 0.07097 823
10 3025 0.108799 1401
11 3025 0.13554 2555
12 3025 0.163609 3347
13 3025 0.291021 8729
14 3025 0.395521 11867
15 3025 0.571561 16293
16 3025 0.716776 21893
17 3025 0.844859 26145
18 3025 1.04454 33033
19 3025 1.29387 43191
20 3025 1.38796 47163
21 3025 1.5653 52981
22 3025 1.75499 59899
23 3025 1.80172 62199
24 3025 1.98398 67893
25 3025 2.23872 76991
26 3025 2.4815 81827
27 3025 2.61463 89995
28 3025 2.92811 93729
29 3025 2.90251 99319
1 3364 0.02131 3
2 3364 0.022419 7
3 3364 0.028259 15
4 3364 0.034469 31
5 3364 0.042935 59
6 3364 0.061803 125
7 3364 0.056601 229
8 3364 0.065498 389
9 3364 0.087516 639
10 3364 0.10183 929
11 3364 0.140975 2523
12 3364 0.20936 5769
13 3364 0.306407 8969
14 3364 0.412956 11939
15 3364 0.595456 18699
16 3364 0.705742 21571
17 3364 0.960778 29609
18 3364 0.948524 30247
19 3364 1.21937 39827
20 3364 1.49945 49975
21 3364 1.80954 61623
22 3364 1.83764 62067
23 3364 2.04385 70123
24 3364 2.19295 73887
25 3364 2.36197 83781
26 3364 2.53326 86291
27 3364 2.84481 96659
28 3364 3.09311 103799
29 3364 3.04374 102445
1 3721 0.021042 3
2 3721 0.024266 7
3 3721 0.032566 15
4 3721 0.037541 29
5 3721 0.043977 63
6 3721 0.050294 103
7 3721 0.05796 247
8 3721 0.078845 371
9 3721 0.09391 767
10 3721 0.119322 1719
11 3721 0.140207 1861
12 3721 0.225424 5661
13 3721 0.210298 3933
14 3721 0.468726 14757
15 3721 0.571828 17041
16 3721 0.944145 27973
17 3721 1.03582 32309
18 3721 1.14828 36125
19 3721 1.40525 44227
20 3721 1.46237 47861
21 3721 1.78881 60887
22 3721 2.02245 68749
23 3721 2.41979 81421
24 3721 2.43046 84271
25 3721 2.77779 94471
26 3721 2.91789 99319
27 3721 3.14249 106049
28 3721 3.51688 122201
29 3721 3.81737 123107
1 4096 0.022873 3
2 4096 0.026483 7
3 4096 0.034368 15
4 4096 0.044177 31
5 4096 0.049268 63
6 4096 0.056485 105
7 4096 0.069658 253
8 4096 0.084517 463
9 4096 0.101445 641
10 4096 0.134741 1307
11 4096 0.157684 2353
12 4096 0.229793 4857
13 4096 0.245909 4947
14 4096 0.370282 8901
15 4096 0.551029 15979
16 4096 0.782653 24081
17 4096 1.19393 36615
18 4096 1.3865 41947
19 4096 1.503 48071
20 4096 1.79296 59995
21 4096 1.83585 61939
22 4096 2.17945 74429
23 4096 2.44299 82949
24 4096 2.7357 92155
25 4096 3.04269 98713
26 4096 3.94158 102017
27 4096 3.42792 109413
28 4096 4.71758 122775
29 4096 3.76672 128215
1 4489 0.025801 3
2 4489 0.028612 7
3 4489 0.038355 15
4 4489 0.04484 31
5 4489 0.052613 63
6 4489 0.066846 113
7 4489 0.079906 227
8 4489 0.094825 409
9 4489 0.109513 789
10 4489 0.139698 1731
11 4489 0.170214 2343
12 4489 0.216149 4077
13 4489 0.308283 7377
14 4489 0.466373 12031
15 4489 0.621175 18323
16 4489 0.954472 27047
17 4489 1.14555 35783
18 4489 1.47877 46989
19 4489 1.6738 52997
20 4489 1.93156 64487
21 4489 2.31784 79531
22 4489 2.40078 77725
23 4489 2.76291 94065
24 4489 2.99077 104493
25 4489 3.09139 104067
26 4489 3.35224 113071
27 4489 3.7097 125215
28 4489 3.84556 130555
29 4489 4.16077 140135
1 4900 0.03073 3
2 4900 0.032493 7
3 4900 0.040604 15
4 4900 0.048173 31
5 4900 0.058257 57
6 4900 0.072155 123
7 4900 0.086554 247
8 4900 0.099767 439
9 4900 0.122274 675
10 4900 0.147294 1505
11 4900 0.17484 2391
12 4900 0.238136 4501
13 4900 0.348112 9059
14 4900 0.431512 11301
15 4900 0.638971 18265
16 4900 0.988958 31037
17 4900 1.10687 32571
18 4900 1.53752 46849
19 4900 1.89847 60797
20 4900 1.79318 59351
21 4900 2.39825 80323
22 4900 2.56137 85941
23 4900 2.87279 96317
24 4900 2.9348 98893
25 4900 3.24927 107413
26 4900 3.55681 120699
27 4900 3.97864 135467
28 4900 4.24377 143973
29 4900 4.2134 146757
1 5329 0.030446 3
2 5329 0.035889 7
3 5329 0.044204 15
4 5329 0.053625 31
5 5329 0.065939 63
6 5329 0.078546 121
7 5329 0.093838 227
8 5329 0.109223 449
9 5329 0.127148 941
10 5329 0.153063 1423
11 5329 0.183334 2107
12 5329 0.248497 4593
13 5329 0.356156 9241
14 5329 0.434402 10505
15 5329 0.604043 16937
16 5329 0.87839 26499
17 5329 1.27795 39509
18 5329 1.55751 47749
19 5329 1.70538 52679
20 5329 2.21863 73577
21 5329 2.30894 76633
22 5329 2.87289 97025
23 5329 3.06817 102041
24 5329 3.3127 112369
25 5329 3.74236 126161
26 5329 6.06284 142051
27 5329 4.19223 140951
28 5329 4.68986 157371
29 5329 4.98477 170955
1 5776 0.046444 3
2 5776 0.036843 7
3 5776 0.047795 15
4 5776 0.058802 29
5 5776 0.070102 63
6 5776 0.085993 115
7 5776 0.09931 219
8 5776 0.113715 491
9 5776 0.136603 819
10 5776 0.162151 1415
11 5776 0.200304 2487
12 5776 0.25274 4565
13 5776 0.356106 8269
14 5776 0.497753 12999
15 5776 0.597146 15385
16 5776 1.1164 34897
17 5776 1.26701 38409
18 5776 1.4183 42683
19 5776 1.97191 62823
20 5776 2.15245 70965
21 5776 2.27988 75223
22 5776 2.88623 100083
23 5776 3.33971 111859
24 5776 3.50593 117751
25 5776 4.23147 142167
26 5776 6.54304 146857
27 5776 4.76771 162189
28 5776 5.0823 167947
29 5776 5.29164 177749
1 6241 0.031387 3
2 6241 0.041257 7
3 6241 0.050944 15
4 6241 0.066004 31
5 6241 0.074815 63
6 6241 0.091742 119
7 6241 0.109997 217
8 6241 0.130216 387
9 6241 0.144119 931
10 6241 0.168228 1119
11 6241 0.249964 2711
12 6241 0.262115 4341
13 6241 0.387231 9409
14 6241 0.614494 17387
15 6241 0.815466 25345
16 6241 1.17066 36421
17 6241 1.42601 43631
18 6241 1.86859 58465
19 6241 1.91125 57315
20 6241 2.21794 71971
21 6241 2.717 88493
22 6241 3.0247 102393
23 6241 3.53129 116893
24 6241 4.06319 134419
25 6241 4.17246 139169
26 6241 5.34734 149001
27 6241 4.83522 164081
28 6241 5.58691 184181
29 6241 5.51124 184195
