n v tiempo llamadas
1 1 0.000276 3
2 1 0.00048 7
3 1 0.000689 15
4 1 0.000828 31
5 1 0.001172 63
6 1 0.001986 127
7 1 0.003244 255
8 1 0.00576 511
9 1 0.015686 1023
10 1 0.020079 2047
11 1 0.042222 4095
12 1 0.077376 8191
13 1 0.155773 16383
14 1 0.306451 32767
15 1 0.650748 65535
16 1 1.22455 131071
17 1 2.42337 262143
18 1 4.84732 524287
19 1 9.37723 1048575
20 1 18.3537 2097151
21 1 36.1639 4194303
22 1 72.7168 8388607
23 1 146.619 16777215
24 1 288.111 33554431
25 1 600.097 67108863
26 1 1143.89 134217727
27 1 2322.53 268435455
28 1 4616.6 536870911
29 1 9156.32 1073741823
1 16 0.000224 3
2 16 0.000303 7
3 16 0.000468 15
4 16 0.000699 31
5 16 0.001004 63
6 16 0.001931 127
7 16 0.003567 255
8 16 0.008832 511
9 16 0.0107 1023
10 16 0.02049 2047
11 16 0.039812 4095
12 16 0.078099 8191
13 16 0.153997 16383
14 16 0.308223 32767
15 16 0.624954 65535
16 16 1.23323 131071
17 16 2.41997 262143
18 16 4.86791 524287
19 16 9.89473 1048575
20 16 18.3502 2097151
21 16 36.1732 4194303
22 16 73.2033 8388607
23 16 144.203 16777215
24 16 286.028 33554431
25 16 580.938 67108863
26 16 1154.16 134217727
27 16 2345.28 268435455
28 16 4641.8 536870911
29 16 9180.77 1073741823
1 49 0.000332 3
2 49 0.000376 7
3 49 0.000805 15
4 49 0.000727 31
5 49 0.001145 63
6 49 0.001824 127
7 49 0.003186 255
8 49 0.005561 511
9 49 0.015299 1023
10 49 0.020321 2047
11 49 0.039182 4095
12 49 0.077547 8191
13 49 0.153683 16383
14 49 0.306024 32767
15 49 0.613864 65535
16 49 1.23466 131071
17 49 2.47388 262143
18 49 4.82256 524287
19 49 9.4125 1048575
20 49 18.2578 2097151
21 49 36.2838 4194303
22 49 72.4524 8388607
23 49 143.745 16777215
24 49 285.774 33554431
25 49 583.793 67108863
26 49 1145.8 134217727
27 49 2330.09 268435455
28 49 4610 536870911
29 49 9165.19 1073741823
1 100 0.000291 3
2 100 0.000483 7
3 100 0.000493 15
4 100 0.00078 31
5 100 0.001098 63
6 100 0.001792 127
7 100 0.003046 255
8 100 0.008843 511
9 100 0.010461 1023
10 100 0.020165 2047
11 100 0.039637 4095
12 100 0.078031 8191
13 100 0.154515 16383
14 100 0.306876 32767
15 100 0.611794 65535
16 100 1.2839 131071
17 100 2.44215 262143
18 100 4.78757 524287
19 100 9.70051 1048575
20 100 18.3505 2097151
21 100 36.5551 4194303
22 100 72.3781 8388607
23 100 143.4 16777215
24 100 285.873 33554431
25 100 585.899 67108863
26 100 1143.62 134217727
27 100 2323.58 268435455
28 100 4614.23 536870911
29 100 9255.41 1073741823
1 169 0.000418 3
2 169 0.000413 7
3 169 0.000504 15
4 169 0.000773 31
5 169 0.001107 63
6 169 0.001956 127
7 169 0.004886 255
8 169 0.005521 511
9 169 0.01528 1023
10 169 0.01992 2047
11 169 0.039761 4095
12 169 0.077602 8191
13 169 0.154495 16383
14 169 0.305888 32767
15 169 0.610978 65535
16 169 1.23427 131071
17 169 2.4274 262143
18 169 4.80422 524287
19 169 9.22635 1048575
20 169 18.3279 2097151
21 169 36.3848 4194303
22 169 72.3467 8388607
23 169 144.136 16777215
24 169 286.354 33554431
25 169 584.002 67108863
26 169 1151.83 134217727
27 169 2321.89 268435455
28 169 4634.52 536870911
29 169 9158.33 1073741823
1 256 0.000257 3
2 256 0.000434 7
3 256 0.000503 15
4 256 0.000719 31
5 256 0.001164 63
6 256 0.002351 127
7 256 0.00318 255
8 256 0.005365 511
9 256 0.010405 1023
10 256 0.019981 2047
11 256 0.03923 4095
12 256 0.077828 8191
13 256 0.162927 16383
14 256 0.312062 32767
15 256 0.61301 65535
16 256 1.23898 131071
17 256 2.43444 262143
18 256 4.80327 524287
19 256 9.37599 1048575
20 256 18.6814 2097151
21 256 36.1419 4194303
22 256 73.2813 8388607
23 256 143.839 16777215
24 256 291.53 33554431
25 256 577.367 67108863
26 256 1149.09 134217727
27 256 2335.9 268435455
28 256 4640.69 536870911
29 256 9174.65 1073741823
1 361 0.000312 3
2 361 0.000421 7
3 361 0.000497 15
4 361 0.000708 31
5 361 0.001576 63
6 361 0.001972 127
7 361 0.004418 255
8 361 0.005515 511
9 361 0.010432 1023
10 361 0.033634 2047
11 361 0.044111 4095
12 361 0.077 8191
13 361 0.154076 16383
14 361 0.305798 32767
15 361 0.625082 65535
16 361 1.23106 131071
17 361 2.47775 262143
18 361 4.75685 524287
19 361 9.59761 1048575
20 361 18.2507 2097151
21 361 36.7306 4194303
22 361 72.4621 8388607
23 361 144.464 16777215
24 361 285.827 33554431
25 361 577.149 67108863
26 361 1143.11 134217727
27 361 2334.83 268435455
28 361 4604.08 536870911
29 361 9150.73 1073741823
1 484 0.000329 3
2 484 0.000394 7
3 484 0.000528 15
4 484 0.001098 31
5 484 0.001116 63
6 484 0.002094 127
7 484 0.003031 255
8 484 0.008129 511
9 484 0.01055 1023
10 484 0.031913 2047
11 484 0.039178 4095
12 484 0.077589 8191
13 484 0.154398 16383
14 484 0.311841 32767
15 484 0.611785 65535
16 484 1.22982 131071
17 484 2.44408 262143
18 484 4.78674 524287
19 484 13.9018 1048575
20 484 18.3049 2097151
21 484 36.3503 4194303
22 484 72.7091 8388607
23 484 144.112 16777215
24 484 286.107 33554431
25 484 581.864 67108863
26 484 1154.78 134217727
27 484 2336.3 268435455
28 484 4632.2 536870911
29 484 9206.91 1073741823
1 625 0.000324 3
2 625 0.000464 7
3 625 0.000515 15
4 625 0.000734 31
5 625 0.001159 63
6 625 0.001795 127
7 625 0.003004 255
8 625 0.005906 511
9 625 0.01062 1023
10 625 0.020238 2047
11 625 0.039417 4095
12 625 0.077357 8191
13 625 0.153198 16383
14 625 0.305954 32767
15 625 0.61416 65535
16 625 1.23539 131071
17 625 2.44058 262143
18 625 4.84677 524287
19 625 10.1245 1048575
20 625 18.4388 2097151
21 625 36.343 4194303
22 625 73.0142 8388607
23 625 143.668 16777215
24 625 285.72 33554431
25 625 580.491 67108863
26 625 1143.41 134217727
27 625 2319.52 268435455
28 625 4603.8 536870911
29 625 9159.82 1073741823
1 784 0.000453 3
2 784 0.000356 7
3 784 0.00067 15
4 784 0.001036 31
5 784 0.001036 63
6 784 0.001803 127
7 784 0.003073 255
8 784 0.00562 511
9 784 0.010544 1023
10 784 0.020051 2047
11 784 0.039424 4095
12 784 0.077629 8191
13 784 0.164181 16383
14 784 0.305029 32767
15 784 0.617237 65535
16 784 1.263 131071
17 784 2.43571 262143
18 784 4.77798 524287
19 784 9.28685 1048575
20 784 18.4819 2097151
21 784 36.2828 4194303
22 784 72.7267 8388607
23 784 145.938 16777215
24 784 285.968 33554431
25 784 584.544 67108863
26 784 1166.39 134217727
27 784 2310.76 268435455
28 784 4644.88 536870911
29 784 9164.98 1073741823
1 961 0.000313 3
2 961 0.000356 7
3 961 0.000437 15
4 961 0.000621 31
5 961 0.001107 63
6 961 0.001764 127
7 961 0.003076 255
8 961 0.005632 511
9 961 0.010402 1023
10 961 0.020134 2047
11 961 0.039348 4095
12 961 0.103119 8191
13 961 0.154083 16383
14 961 0.30582 32767
15 961 0.611314 65535
16 961 1.23441 131071
17 961 2.41822 262143
18 961 4.83551 524287
19 961 9.49193 1048575
20 961 18.4557 2097151
21 961 36.1857 4194303
22 961 72.8662 8388607
23 961 144.551 16777215
24 961 291.187 33554431
25 961 583.445 67108863
26 961 1145.35 134217727
27 961 2331.61 268435455
28 961 4623.9 536870911
29 961 9233.25 1073741823
1 1156 0.000347 3
2 1156 0.000349 7
3 1156 0.00045 15
4 1156 0.000675 31
5 1156 0.001177 63
6 1156 0.001721 127
7 1156 0.002899 255
8 1156 0.005624 511
9 1156 0.010425 1023
10 1156 0.019941 2047
11 1156 0.039178 4095
12 1156 0.077155 8191
13 1156 0.153478 16383
14 1156 0.317824 32767
15 1156 0.610839 65535
16 1156 1.23633 131071
17 1156 2.43558 262143
18 1156 4.70411 524287
19 1156 9.38775 1048575
20 1156 18.4527 2097151
21 1156 36.0762 4194303
22 1156 73.0598 8388607
23 1156 143.341 16777215
24 1156 294.874 33554431
25 1156 575.577 67108863
26 1156 1145.9 134217727
27 1156 2329.28 268435455
28 1156 4615.26 536870911
29 1156 9161.46 1073741823
1 1369 0.000361 3
2 1369 0.000356 7
3 1369 0.000597 15
4 1369 0.000777 31
5 1369 0.00109 63
6 1369 0.0025 127
7 1369 0.002903 255
8 1369 0.008756 511
9 1369 0.010459 1023
10 1369 0.019725 2047
11 1369 0.039661 4095
12 1369 0.079586 8191
13 1369 0.153231 16383
14 1369 0.306637 32767
15 1369 0.611035 65535
16 1369 1.22349 131071
17 1369 2.46352 262143
18 1369 4.80164 524287
19 1369 9.38367 1048575
20 1369 18.329 2097151
21 1369 36.09 4194303
22 1369 73.0106 8388607
23 1369 143.754 16777215
24 1369 286.59 33554431
25 1369 587.627 67108863
26 1369 1143.68 134217727
27 1369 2340.08 268435455
28 1369 4644.88 536870911
29 1369 9150.8 1073741823
1 1600 0.000334 3
2 1600 0.000386 7
3 1600 0.000713 15
4 1600 0.000673 31
5 1600 0.001064 63
6 1600 0.001972 127
7 1600 0.003136 255
8 1600 0.005522 511
9 1600 0.010512 1023
10 1600 0.020195 2047
11 1600 0.039177 4095
12 1600 0.076797 8191
13 1600 0.155389 16383
14 1600 0.305309 32767
15 1600 0.610311 65535
16 1600 1.22479 131071
17 1600 2.4584 262143
18 1600 4.76262 524287
19 1600 9.66376 1048575
20 1600 18.3315 2097151
21 1600 36.2739 4194303
22 1600 72.3503 8388607
23 1600 143.922 16777215
24 1600 285.985 33554431
25 1600 576.752 67108863
26 1600 1145.66 134217727
27 1600 2313.56 268435455
28 1600 4644.19 536870911
29 1600 9181.49 1073741823
1 1849 0.000334 3
2 1849 0.000447 7
3 1849 0.000592 15
4 1849 0.001124 31
5 1849 0.001123 63
6 1849 0.002477 127
7 1849 0.003053 255
8 1849 0.005576 511
9 1849 0.010576 1023
10 1849 0.019771 2047
11 1849 0.039052 4095
12 1849 0.078475 8191
13 1849 0.154954 16383
14 1849 0.306098 32767
15 1849 0.611434 65535
16 1849 1.22363 131071
17 1849 2.47833 262143
18 1849 4.77408 524287
19 1849 9.28853 1048575
20 1849 18.5288 2097151
21 1849 36.8563 4194303
22 1849 72.6184 8388607
23 1849 143.152 16777215
24 1849 286.729 33554431
25 1849 581.26 67108863
26 1849 1155.66 134217727
27 1849 2323.43 268435455
28 1849 4629.1 536870911
29 1849 9166.67 1073741823
1 2116 0.000495 3
2 2116 0.000308 7
3 2116 0.000534 15
4 2116 0.000846 31
5 2116 0.001797 63
6 2116 0.001909 127
7 2116 0.00288 255
8 2116 0.005463 511
9 2116 0.010086 1023
10 2116 0.019929 2047
11 2116 0.03917 4095
12 2116 0.077173 8191
13 2116 0.153218 16383
14 2116 0.306528 32767
15 2116 0.614338 65535
16 2116 1.22712 131071
17 2116 2.41158 262143
18 2116 4.76996 524287
19 2116 9.41437 1048575
20 2116 18.4401 2097151
21 2116 36.2411 4194303
22 2116 73.0373 8388607
23 2116 144.041 16777215
24 2116 286.184 33554431
25 2116 584.242 67108863
26 2116 1166.55 134217727
27 2116 2306.28 268435455
28 2116 4614.22 536870911
29 2116 9151.51 1073741823
1 2401 0.000333 3
2 2401 0.000357 7
3 2401 0.000476 15
4 2401 0.000921 31
5 2401 0.001135 63
6 2401 0.001737 127
7 2401 0.002924 255
8 2401 0.005369 511
9 2401 0.010327 1023
10 2401 0.02025 2047
11 2401 0.039508 4095
12 2401 0.077335 8191
13 2401 0.153962 16383
14 2401 0.305805 32767
15 2401 0.651905 65535
16 2401 1.30772 131071
17 2401 2.47469 262143
18 2401 4.77431 524287
19 2401 9.84385 1048575
20 2401 18.3347 2097151
21 2401 36.1405 4194303
22 2401 72.7555 8388607
23 2401 143.412 16777215
24 2401 286.435 33554431
25 2401 582.171 67108863
26 2401 1144.25 134217727
27 2401 2327.57 268435455
28 2401 4610.17 536870911
29 2401 9157.48 1073741823
1 2704 0.000296 3
2 2704 0.000363 7
3 2704 0.00074 15
4 2704 0.000753 31
5 2704 0.00149 63
6 2704 0.001753 127
7 2704 0.003009 255
8 2704 0.005582 511
9 2704 0.010558 1023
10 2704 0.0201 2047
11 2704 0.051252 4095
12 2704 0.076813 8191
13 2704 0.153363 16383
14 2704 0.378177 32767
15 2704 0.61087 65535
16 2704 1.22264 131071
17 2704 2.43812 262143
18 2704 4.8055 524287
19 2704 9.6094 1048575
20 2704 18.3994 2097151
21 2704 36.7073 4194303
22 2704 72.8166 8388607
23 2704 145.401 16777215
24 2704 285.766 33554431
25 2704 591.479 67108863
26 2704 1145.23 134217727
27 2704 2341.97 268435455
28 2704 4638.72 536870911
29 2704 9143.19 1073741823
1 3025 0.000346 3
2 3025 0.000359 7
3 3025 0.00053 15
4 3025 0.000851 31
5 3025 0.001042 63
6 3025 0.001752 127
7 3025 0.002912 255
8 3025 0.007883 511
9 3025 0.010433 1023
10 3025 0.029359 2047
11 3025 0.039355 4095
12 3025 0.077899 8191
13 3025 0.153081 16383
14 3025 0.306355 32767
15 3025 0.618084 65535
16 3025 1.22422 131071
17 3025 2.47247 262143
18 3025 4.7931 524287
19 3025 9.22709 1048575
20 3025 18.3859 2097151
21 3025 36.314 4194303
22 3025 72.2607 8388607
23 3025 144.187 16777215
24 3025 285.724 33554431
25 3025 586.368 67108863
26 3025 1142.96 134217727
27 3025 2333.35 268435455
28 3025 4619.68 536870911
29 3025 9163.98 1073741823
1 3364 0.000234 3
2 3364 0.000412 7
3 3364 0.000497 15
4 3364 0.000768 31
5 3364 0.000942 63
6 3364 0.001699 127
7 3364 0.004738 255
8 3364 0.005566 511
9 3364 0.010618 1023
10 3364 0.020084 2047
11 3364 0.038976 4095
12 3364 0.077051 8191
13 3364 0.153826 16383
14 3364 0.306059 32767
15 3364 0.610537 65535
16 3364 1.22931 131071
17 3364 2.41119 262143
18 3364 5.06874 524287
19 3364 9.23241 1048575
20 3364 18.3848 2097151
21 3364 36.736 4194303
22 3364 72.3241 8388607
23 3364 143.559 16777215
24 3364 290.488 33554431
25 3364 587.06 67108863
26 3364 1150.62 134217727
27 3364 2350.95 268435455
28 3364 4618.43 536870911
29 3364 9146.61 1073741823
1 3721 0.000288 3
2 3721 0.000397 7
3 3721 0.000522 15
4 3721 0.000673 31
5 3721 0.001134 63
6 3721 0.002698 127
7 3721 0.002973 255
8 3721 0.005598 511
9 3721 0.010371 1023
10 3721 0.020139 2047
11 3721 0.039117 4095
12 3721 0.077074 8191
13 3721 0.153087 16383
14 3721 0.306485 32767
15 3721 0.611046 65535
16 3721 1.22436 131071
17 3721 2.43203 262143
18 3721 4.76666 524287
19 3721 9.29603 1048575
20 3721 18.3352 2097151
21 3721 36.2171 4194303
22 3721 72.8745 8388607
23 3721 144.513 16777215
24 3721 286.491 33554431
25 3721 577.396 67108863
26 3721 1147.86 134217727
27 3721 2365.1 268435455
28 3721 4628.45 536870911
29 3721 9174 1073741823
1 4096 0.000324 3
2 4096 0.000417 7
3 4096 0.000612 15
4 4096 0.000721 31
5 4096 0.001105 63
6 4096 0.001712 127
7 4096 0.002967 255
8 4096 0.005678 511
9 4096 0.012567 1023
10 4096 0.020006 2047
11 4096 0.061478 4095
12 4096 0.077108 8191
13 4096 0.153827 16383
14 4096 0.305975 32767
15 4096 0.610037 65535
16 4096 1.23383 131071
17 4096 2.42175 262143
18 4096 4.76693 524287
19 4096 9.30895 1048575
20 4096 18.495 2097151
21 4096 36.3009 4194303
22 4096 72.9847 8388607
23 4096 144.922 16777215
24 4096 290.17 33554431
25 4096 593.634 67108863
26 4096 1144.55 134217727
27 4096 2329.73 268435455
28 4096 4619.3 536870911
29 4096 9157.55 1073741823
1 4489 0.000295 3
2 4489 0.000517 7
3 4489 0.000598 15
4 4489 0.000686 31
5 4489 0.00115 63
6 4489 0.001859 127
7 4489 0.003107 255
8 4489 0.0057 511
9 4489 0.010275 1023
10 4489 0.020238 2047
11 4489 0.039406 4095
12 4489 0.077184 8191
13 4489 0.153516 16383
14 4489 0.306762 32767
15 4489 0.610142 65535
16 4489 1.22325 131071
17 4489 2.4345 262143
18 4489 4.81823 524287
19 4489 9.88346 1048575
20 4489 18.3793 2097151
21 4489 36.2394 4194303
22 4489 72.4038 8388607
23 4489 143.493 16777215
24 4489 286.142 33554431
25 4489 578.657 67108863
26 4489 1142.54 134217727
27 4489 2342.84 268435455
28 4489 4630.58 536870911
29 4489 9171.15 1073741823
1 4900 0.000231 3
2 4900 0.000319 7
3 4900 0.000734 15
4 4900 0.000758 31
5 4900 0.001166 63
6 4900 0.001787 127
7 4900 0.002933 255
8 4900 0.005474 511
9 4900 0.010174 1023
10 4900 0.019953 2047
11 4900 0.039338 4095
12 4900 0.077387 8191
13 4900 0.156781 16383
14 4900 0.306207 32767
15 4900 0.611066 65535
16 4900 1.22355 131071
17 4900 2.44401 262143
18 4900 4.79517 524287
19 4900 9.34184 1048575
20 4900 18.2487 2097151
21 4900 36.1035 4194303
22 4900 72.5523 8388607
23 4900 143.87 16777215
24 4900 285.869 33554431
25 4900 576.061 67108863
26 4900 1149.35 134217727
27 4900 2336.24 268435455
28 4900 4625.13 536870911
29 4900 9158.15 1073741823
1 5329 0.000309 3
2 5329 0.000376 7
3 5329 0.000603 15
4 5329 0.000751 31
5 5329 0.00114 63
6 5329 0.001771 127
7 5329 0.003016 255
8 5329 0.00564 511
9 5329 0.010195 1023
10 5329 0.020102 2047
11 5329 0.039353 4095
12 5329 0.077286 8191
13 5329 0.158436 16383
14 5329 0.306151 32767
15 5329 0.611259 65535
16 5329 1.22658 131071
17 5329 2.42059 262143
18 5329 4.77405 524287
19 5329 9.32923 1048575
20 5329 18.4402 2097151
21 5329 36.2915 4194303
22 5329 72.4815 8388607
23 5329 144.18 16777215
24 5329 286.765 33554431
25 5329 576.566 67108863
26 5329 1160.18 134217727
27 5329 2335.54 268435455
28 5329 4630.52 536870911
29 5329 9293.4 1073741823
1 5776 0.000258 3
2 5776 0.000461 7
3 5776 0.000479 15
4 5776 0.000698 31
5 5776 0.001126 63
6 5776 0.001705 127
7 5776 0.002887 255
8 5776 0.005499 511
9 5776 0.010356 1023
10 5776 0.020159 2047
11 5776 0.039555 4095
12 5776 0.077126 8191
13 5776 0.153759 16383
14 5776 0.305862 32767
15 5776 0.623624 65535
16 5776 1.22543 131071
17 5776 2.42855 262143
18 5776 4.80696 524287
19 5776 9.32142 1048575
20 5776 18.4094 2097151
21 5776 36.3131 4194303
22 5776 72.6667 8388607
23 5776 144.325 16777215
24 5776 287.287 33554431
25 5776 588.742 67108863
26 5776 1162.28 134217727
27 5776 2339.73 268435455
28 5776 4606.93 536870911
29 5776 9175.28 1073741823
1 6241 0.000305 3
2 6241 0.000355 7
3 6241 0.000632 15
4 6241 0.000673 31
5 6241 0.001102 63
6 6241 0.001764 127
7 6241 0.003023 255
8 6241 0.007879 511
9 6241 0.010429 1023
10 6241 0.019681 2047
11 6241 0.039493 4095
12 6241 0.077558 8191
13 6241 0.157871 16383
14 6241 0.306103 32767
15 6241 0.629284 65535
16 6241 1.23107 131071
17 6241 2.44734 262143
18 6241 4.72354 524287
19 6241 9.46499 1048575
20 6241 18.3131 2097151
21 6241 36.2853 4194303
22 6241 72.3801 8388607
23 6241 143.74 16777215
24 6241 288.205 33554431
25 6241 582.631 67108863
26 6241 1143.94 134217727
27 6241 2321.13 268435455
28 6241 4634.89 536870911
29 6241 9183.14 1073741823
